  bias     time  Δvs-100   perfect   miss   req  scan_meas
  -300   6802.6   +126.1  119/120    7.73 320.5      276.8
  -150   6706.6    +30.1  120/120    8.38 321.8      274.4
  -100   6676.5     +0.0  120/120    8.76 321.9      272.5
   -50   6721.2    +44.7  120/120    8.62 324.0      272.8
     0   6718.9    +42.4  120/120    8.17 321.9      271.0
    50   6733.1    +56.7  120/120    8.31 320.5      268.4
   100   6734.2    +57.7  120/120    7.81 320.0      267.2
   150   6743.3    +66.9  120/120    7.51 317.4      264.4
   200   6739.6    +63.1  120/120    6.85 315.3      263.0
   300   6846.5   +170.1  120/120    5.47 312.7      261.0

baseline(-100) time = 6676.5 s
