base 6711.77082086971 402.9922777861859 556.1353214458336 754.729582656487 50
i50 7172.705141921919 447.91123903651703 593.7990796822877 799.1215500714262 50
i100 7096.4963408093 446.1853496042139 587.8887908389102 799.1215500714262 50
i200 6976.075549944524 403.07686742547065 578.2299448406844 781.465730656824 50
i400 6913.682299576411 425.3944702253835 572.8101379440014 783.5026760664462 50
i200v100 7165.977168127623 424.369930201021 593.1534051737837 791.1502384290505 50
i50 paired 460.9343210522084 0.06867551550165722 61.59392384161764
i100 paired 384.72551993959036 0.05732101560192093 59.47581498488463
i200 paired 264.3047290748139 0.03937928396675579 65.20608822760384
i400 paired 201.9114787067011 0.030083190278022254 64.92068183323136
i200v100 paired 454.2063472579133 0.0676731013886224 70.26407536837935
