  ... 200/1300
  ... 400/1300
  ... 600/1300
  ... 800/1300
  ... 1000/1300
  ... 1200/1300
当前布局: n1=8 r1=980.0 n2=16 r2=1840.0  点数=25  巡回=17898.8 m  最坏所需接收半径=968.1 m  余量=31.9 m

粗筛通过 122 个布局（余量 >= 5.0 m）。按巡回长度排序 Top25：
 n1     r1  n2      r2  pts    tour_m   vs_cur    worst   margin  refine
------------------------------------------------------------------------------
  9    900  18    1836   28   17627.4   -1.52%    962.4     37.6  1009.8 FAIL
  7    950  18    1836   26   17651.5   -1.38%    962.4     37.6  1000.3 FAIL
  8    925  18    1836   27   17659.5   -1.34%    960.3     39.7  1001.5 FAIL
  9    925  14    1850   24   17660.4   -1.33%    993.0      7.0  1019.3 FAIL
  9    925  16    1836   26   17678.6   -1.23%    983.1     16.9   996.7 OK
  8    950  14    1850   23   17690.6   -1.16%    989.5     10.5  1011.1 FAIL
  9    900  20    1836   30   17696.7   -1.13%    957.5     42.5  1005.3 FAIL
  8    950  16    1836   25   17708.3   -1.06%    985.9     14.1   991.3 OK
  7    950  20    1836   28   17720.3   -1.00%    975.4     24.6   995.7 OK
  9    900  18    1850   28   17723.8   -0.98%    976.3     23.7  1023.6 FAIL
  8    925  20    1836   29   17728.5   -0.95%    955.7     44.3   995.7 OK
  7    950  18    1850   26   17747.9   -0.84%    976.3     23.7  1014.1 FAIL
  8    925  18    1850   27   17755.9   -0.80%    974.1     25.9  1015.3 FAIL
  9    925  18    1836   28   17765.6   -0.74%    962.4     37.6   990.7 OK
  9    925  16    1850   26   17774.3   -0.70%    983.1     16.9  1010.5 FAIL
  7    975  18    1836   26   17783.3   -0.65%    962.4     37.6   980.6 OK
  9    900  20    1850   30   17793.8   -0.59%    971.3     28.7  1019.2 FAIL
  8    950  18    1836   27   17794.9   -0.58%    958.2     41.8   981.2 OK
  9    950  14    1850   24   17799.7   -0.55%    993.0      7.0   997.5 OK
  8    950  16    1850   25   17804.0   -0.53%    985.9     14.1  1001.6 FAIL
  8    975  12    1870   21   17808.4   -0.51%    984.6     15.4  1018.6 FAIL
  9    950  16    1836   26   17817.3   -0.46%    969.3     30.7   974.0 OK
  7    950  20    1850   28   17817.3   -0.46%    975.4     24.6  1009.6 FAIL
  8    925  20    1850   29   17825.6   -0.41%    969.6     30.4  1009.6 FAIL
  8    975  14    1850   23   17827.1   -0.40%    967.8     32.2   988.0 OK
